/*** P4-3 **
ptr = 000000000000000E
** (record) **
ptr=00000000001F2240
ptr[0].a=001,ptr[0].b=1.000000
ptr[1].a=011,ptr[1].b=101.000000
ptr[2].a=021,ptr[2].b=201.000000
ptr[3].a=031,ptr[3].b=301.000000
ptr[4].a=041,ptr[4].b=401.000000
