/*** P3-1 (sizeof,typedef,pointer ) ***
i1=11111111111111111111111111111100
i2=00000000000000000000000011111111
i3=00111111100000000000000011110001

f1=1.750000,f2=1.500000
c1 = A(65),c2 = -4,ch3 = 200
pp = 1000000000(3b9aca00) aa = 30000(7530)
sizeof(int)=4,sizeof(short)=2,sizeof(I16)=2,sizeof(P8)=1
sizeof(float)=4,sizeof(double)=8
sizeof(ch1)=10 sizeof(ch2) = 9

a1=20,a2=000000000066FE0C,*a2=20
b1=12.300000,b2=000000000066FE08,*b2=12.300000
d1=45.600000,d2=000000000066FE00,d2=45.600000
ch2=000000000066FDE0 ch2=abcdefgh
*/
