/* Chain Hush Program 
N/2登録されている状態での新規登録時のポインタ操作回数平均: 0.600000
 table[1] =  351  401 
 table[7] =  57  7  407 
 table[9] =  259 
 table[11] =  411 
 table[15] =  165 
 table[16] =  16 
 table[17] =  167 
 table[18] =  468 
 table[28] =  128 
 table[29] =  129 
 table[32] =  482  382 
 table[33] =  283  433 
 table[35] =  35 
 table[38] =  288  438 
 table[43] =  493 
 table[45] =  395  45 
N登録されている状態での新規登録時のポインタ操作回数平均: 0.700000
 table[1] =  351  401 
 table[3] =  153  203 
 table[7] =  57  7  407 
 table[8] =  158 
 table[9] =  259 
 table[11] =  411 
 table[15] =  15  165 
 table[16] =  216  16 
 table[17] =  267  317  167 
 table[18] =  318  468 
 table[19] =  419 
 table[22] =  372 
 table[27] =  277 
 table[28] =  378  178  128 
 table[29] =  129 
 table[30] =  430 
 table[32] =  482  382 
 table[33] =  483  283  433 
 table[34] =  384 
 table[35] =  485  35 
 table[36] =  436  286 
 table[38] =  238  388  288  438 
 table[40] =  390 
 table[43] =  493 
 table[45] =  395  45 
 table[46] =  446 
 table[49] =  299 
2N登録されている状態での新規登録時のポインタ操作回数平均: 1.350000
 table[0] =  50  400 
 table[1] =  351  401 
 table[3] =  3  153  203 
 table[4] =  204 
 table[7] =  457  57  7  407 
 table[8] =  158 
 table[9] =  259 
 table[10] =  60 
 table[11] =  61  411 
 table[13] =  263  13 
 table[15] =  465  365  15  165 
 table[16] =  216  16 
 table[17] =  267  317  167 
 table[18] =  318  468 
 table[19] =  419 
 table[22] =  172  122  472  372 
 table[23] =  23 
 table[24] =  224 
 table[26] =  276 
 table[27] =  127  377  277 
 table[28] =  478  278  378  178  128 
 table[29] =  129 
 table[30] =  280  430 
 table[31] =  131  381 
 table[32] =  282  482  382 
 table[33] =  333  383  483  283  433 
 table[34] =  234  434  384 
 table[35] =  485  35 
 table[36] =  136  436  286 
 table[37] =  87 
 table[38] =  238  388  288  438 
 table[39] =  39 
 table[40] =  390 
 table[42] =  492  392 
 table[43] =  493 
 table[44] =  294  344  194 
 table[45] =  95  145  395  45 
 table[46] =  346  146  446 
 table[48] =  498 
 table[49] =  399  299 
3N登録されている状態での新規登録時のポインタ操作回数平均: 2.250000
 table[0] =  50  400 
 table[1] =  101  1  451  351  401 
 table[2] =  52  402 
 table[3] =  3  153  203 
 table[4] =  454  204 
 table[6] =  306 
 table[7] =  457  57  7  407 
 table[8] =  158 
 table[9] =  359  259 
 table[10] =  60 
 table[11] =  61  411 
 table[12] =  162 
 table[13] =  213  263  13 
 table[15] =  215  465  365  15  165 
 table[16] =  216  16 
 table[17] =  267  317  167 
 table[18] =  68  418  318  468 
 table[19] =  419 
 table[22] =  72  172  122  472  372 
 table[23] =  73  23 
 table[24] =  224 
 table[25] =  375 
 table[26] =  276 
 table[27] =  127  377  277 
 table[28] =  228  478  278  378  178  128 
 table[29] =  129 
 table[30] =  180  130  280  430 
 table[31] =  131  381 
 table[32] =  232  282  482  382 
 table[33] =  333  383  483  283  433 
 table[34] =  284  234  434  384 
 table[35] =  135  485  35 
 table[36] =  136  436  286 
 table[37] =  87 
 table[38] =  138  238  388  288  438 
 table[39] =  439  39 
 table[40] =  40  290  390 
 table[41] =  241 
 table[42] =  292  492  392 
 table[43] =  293  393  493 
 table[44] =  294  344  194 
 table[45] =  245  95  145  395  45 
 table[46] =  296  346  146  446 
 table[47] =  47 
 table[48] =  298  398  248  448  498 
 table[49] =  399  299 
*/

